#              time              Dimers             Sos_act                  RP             Shc_Grb         Shc_Grb_Sos              R_Grb2               R_Shc              R_ShcP                ShcP               R_G_S             R_S_G_S          Efgr_total           Shc_total           Sos_total          Grb2_total
 0.000000000000e+00  0.000000000000e+00  0.000000000000e+00  0.000000000000e+00  0.000000000000e+00  0.000000000000e+00  0.000000000000e+00  0.000000000000e+00  0.000000000000e+00  0.000000000000e+00  0.000000000000e+00  0.000000000000e+00  1.800000000000e+05  2.700000000000e+05  6.200000000000e+04  1.490000000000e+05
 8.000000000000e-01  2.942160004811e+04  4.454229567693e+01  4.499427172512e+03  3.441509468031e+01  2.095894394036e+01  5.955959383530e+01  1.003511448010e+03  5.488055949429e+02  5.733620479715e+02  2.543470749466e+01  1.910758818227e+01  1.800000000000e+05  2.700000000000e+05  6.200000000000e+04  1.490000000000e+05
 1.600000000000e+00  7.239340433021e+04  6.960522630707e+02  1.991562268897e+04  9.259495387298e+02  5.766157093055e+02  5.150831515487e+02  4.386171287792e+03  5.977466651338e+03  6.630648370843e+03  2.218818885082e+02  4.741703745625e+02  1.800000000000e+05  2.700000000000e+05  6.200000000000e+04  1.490000000000e+05
 2.400000000000e+00  9.773548572290e+04  2.616478515248e+03  3.748505092714e+04  4.333957787784e+03  2.742572184244e+03  1.346926039154e+03  6.933452409667e+03  1.618720632075e+04  1.927282799688e+04  5.831359645672e+02  2.033342550681e+03  1.800000000000e+05  2.700000000000e+05  6.200000000000e+04  1.490000000000e+05
 3.200000000000e+00  1.114732176538e+05  5.578593505381e+03  5.323868803019e+04  1.067651213804e+04  6.811232225906e+03  2.335855889740e+03  8.258194710694e+03  2.743919352503e+04  3.528431954074e+04  1.010561049410e+03  4.568032455971e+03  1.800000000000e+05  2.700000000000e+05  6.200000000000e+04  1.490000000000e+05
 4.000000000000e+00  1.191000026249e+05  8.877296474782e+03  6.623133405370e+04  1.915423990417e+04  1.223025123476e+04  3.332958161633e+03  8.882114192770e+03  3.755715187572e+04  5.233851486331e+04  1.432875114227e+03  7.444421360555e+03  1.800000000000e+05  2.700000000000e+05  6.200000000000e+04  1.490000000000e+05
 4.800000000000e+00  1.234705170273e+05  1.189849225680e+04  7.646322643236e+04  2.868171558752e+04  1.821893678247e+04  4.260335311416e+03  9.150956198762e+03  4.580362397932e+04  6.930853950795e+04  1.811615106597e+03  1.008687715021e+04  1.800000000000e+05  2.700000000000e+05  6.200000000000e+04  1.490000000000e+05
 5.600000000000e+00  1.260365807960e+05  1.429989223711e+04  8.422406122924e+04  3.839075134804e+04  2.413614863071e+04  5.083817088489e+03  9.228972712548e+03  5.210580378666e+04  8.571260036813e+04  2.130376682985e+03  1.216951555412e+04  1.800000000000e+05  2.700000000000e+05  6.200000000000e+04  1.490000000000e+05
 6.400000000000e+00  1.275681953958e+05  1.597268957328e+04  8.986564299849e+04  4.773157009458e+04  2.956678562785e+04  5.793768793863e+03  9.186567989661e+03  5.663842445970e+04  1.013640699933e+05  2.385649231798e+03  1.358704034148e+04  1.800000000000e+05  2.700000000000e+05  6.200000000000e+04  1.490000000000e+05
 7.200000000000e+00  1.284921626655e+05  1.695434770790e+04  9.372320981096e+04  5.641712772068e+04  3.429179899817e+04  6.393372351404e+03  9.052475259464e+03  5.964548778991e+04  1.162019613780e+05  2.580777049914e+03  1.437357065799e+04  1.800000000000e+05  2.700000000000e+05  6.200000000000e+04  1.490000000000e+05
 8.000000000000e+00  1.290533288065e+05  1.735564942234e+04  9.609265712651e+04  6.434137352018e+04  3.823658464848e+04  6.891753151455e+03  8.839117608899e+03  6.137101092496e+04  1.302139316180e+05  2.722368872498e+03  1.463328054984e+04  1.800000000000e+05  2.700000000000e+05  6.200000000000e+04  1.490000000000e+05
 8.800000000000e+00  1.293955902919e+05  1.731167629262e+04  9.722827435960e+04  7.150989237060e+04  4.142491200095e+04  7.300073554627e+03  8.554100899223e+03  6.203542049973e+04  1.434030614897e+05  2.818254534122e+03  1.449342175849e+04  1.800000000000e+05  2.700000000000e+05  6.200000000000e+04  1.490000000000e+05
 9.600000000000e+00  1.296048872601e+05  1.695229631963e+04  9.734705987929e+04  7.798693755180e+04  4.394040778448e+04  7.629434761469e+03  8.204995569443e+03  6.183010974583e+04  1.557750224888e+05  2.876341868256e+03  1.407595445138e+04  1.800000000000e+05  2.700000000000e+05  6.200000000000e+04  1.490000000000e+05
 1.040000000000e+01  1.297330825948e+05  1.638690324499e+04  9.663432515889e+04  8.385692293496e+04  4.589467196527e+04  7.889897819695e+03  7.800925444771e+03  6.091866707206e+04  1.673345413984e+05  2.903999244045e+03  1.348290400095e+04  1.800000000000e+05  2.700000000000e+05  6.200000000000e+04  1.490000000000e+05
 1.120000000000e+01  1.298116813439e+05  1.569923273688e+04  9.524883835177e+04  8.919958024524e+04  4.740309889918e+04  8.090187639448e+03  7.352662163219e+03  5.944018559456e+04  1.780858266829e+05  2.907754326308e+03  1.279147841057e+04  1.800000000000e+05  2.700000000000e+05  6.200000000000e+04  1.490000000000e+05
 1.200000000000e+01  1.298599014407e+05  1.494862830798e+04  9.332713198625e+04  9.407792231859e+04  4.856962063731e+04  8.237773244827e+03  6.872067618004e+03  5.751295018086e+04  1.880343674842e+05  2.893181875018e+03  1.205544643296e+04  1.800000000000e+05  2.700000000000e+05  6.200000000000e+04  1.490000000000e+05
 1.280000000000e+01  1.298894955397e+05  1.417455457846e+04  9.098703797838e+04  9.853634130915e+04  4.947976913640e+04  8.339103361824e+03  6.371326959094e+03  5.523791352317e+04  1.971888782026e+05  2.864900845594e+03  1.130965373287e+04  1.800000000000e+05  2.700000000000e+05  6.200000000000e+04  1.490000000000e+05
 1.360000000000e+01  1.299076625492e+05  1.340192138631e+04  8.833058172763e+04  1.026046639299e+05  5.019972404689e+04  8.399855564716e+03  5.862211262397e+03  5.270175021579e+04  2.055628568763e+05  2.826634991004e+03  1.057528639531e+04  1.800000000000e+05  2.700000000000e+05  6.200000000000e+04  1.490000000000e+05
 1.440000000000e+01  1.299188163825e+05  1.264579366003e+04  8.544632809468e+04  1.063041178983e+05  5.077861480695e+04  8.425130029319e+03  5.355487167127e+03  4.997939604766e+04  2.131755760747e+05  2.781312277502e+03  9.864481382531e+03  1.800000000000e+05  2.700000000000e+05  6.200000000000e+04  1.490000000000e+05
 1.520000000000e+01  1.299256650012e+05  1.191494757719e+04  8.241123704777e+04  1.096525387412e+05  5.125198007182e+04  8.419572254218e+03  4.860512465864e+03  4.713603642223e+04  2.200524902356e+05  2.731186145673e+03  9.183761431516e+03  1.800000000000e+05  2.700000000000e+05  6.200000000000e+04  1.490000000000e+05
 1.600000000000e+01  1.299298703868e+05  1.121429028226e+04  7.929208000234e+04  1.126677479376e+05  5.164518982013e+04  8.387437869473e+03  4.385010005298e+03  4.422855980579e+04  2.262251153996e+05  2.677962844788e+03  8.536327437475e+03  1.800000000000e+05  2.700000000000e+05  6.200000000000e+04  1.490000000000e+05
 1.680000000000e+01  1.299324527821e+05  1.054639376333e+04  7.614648121103e+04  1.153691382304e+05  5.197631974361e+04  8.332621201016e+03  3.934990665179e+03  4.130654095809e+04  2.317304675761e+05  2.622920863348e+03  7.923472899977e+03  1.800000000000e+05  2.700000000000e+05  6.200000000000e+04  1.490000000000e+05
 1.760000000000e+01  1.299340385811e+05  9.912424382652e+03  7.302366684315e+04  1.177779808782e+05  5.225835551212e+04  8.258666563419e+03  3.514790734945e+03  3.841285522898e+04  2.366101610825e+05  2.567013170331e+03  7.345411212321e+03  1.800000000000e+05  2.700000000000e+05  6.200000000000e+04  1.490000000000e+05
 1.840000000000e+01  1.299350124011e+05  9.312692877632e+03  6.996501542637e+04  1.199170174096e+05  5.250078441523e+04  8.168774799900e+03  3.127191735142e+03  3.558404242375e+04  2.409092761243e+05  2.510948763261e+03  6.801744114371e+03  1.800000000000e+05  2.700000000000e+05  6.200000000000e+04  1.490000000000e+05
 1.920000000000e+01  1.299356104171e+05  8.746977879350e+03  6.700450259647e+04  1.218097614126e+05  5.271069726010e+04  8.065811629283e+03  2.773595640036e+03  3.285053732423e+04  2.446751068735e+05  2.455254555562e+03  6.291723323788e+03  1.800000000000e+05  2.700000000000e+05  6.200000000000e+04  1.490000000000e+05
 2.000000000000e+01  1.299359776564e+05  8.214717479505e+03  6.416912023021e+04  1.234797690053e+05  5.289353007909e+04  7.952320254439e+03  2.454233073926e+03  3.023686713452e+04  2.479558951811e+05  2.400320982682e+03  5.814396496823e+03  1.800000000000e+05  2.700000000000e+05  6.200000000000e+04  1.490000000000e+05
 2.080000000000e+01  1.299362031772e+05  7.715124258579e+03  6.147932856348e+04  1.249500072600e+05  5.305355600535e+04  7.830538385930e+03  2.168385733917e+03  2.776188976424e+04  2.507996405770e+05  2.346435237198e+03  5.368689021381e+03  1.800000000000e+05  2.700000000000e+05  6.200000000000e+04  1.490000000000e+05
 2.160000000000e+01  1.299363416692e+05  7.247255603995e+03  5.894957462831e+04  1.262423683325e+05  5.319421062843e+04  7.702418787453e+03  1.914607483961e+03  2.543911684236e+04  2.532530559122e+05  2.293805568354e+03  4.953450035641e+03  1.800000000000e+05  2.700000000000e+05  6.200000000000e+04  1.490000000000e+05
 2.240000000000e+01  1.299364267171e+05  6.810057717915e+03  5.658888616997e+04  1.273773329830e+05  5.331830897003e+04  7.569652129165e+03  1.690931762521e+03  2.327713701077e+04  2.553607132947e+05  2.242579276600e+03  4.567478441315e+03  1.800000000000e+05  2.700000000000e+05  6.200000000000e+04  1.490000000000e+05
 2.320000000000e+01  1.299364789449e+05  6.402394194032e+03  5.440153064928e+04  1.283737665729e+05  5.342819267765e+04  7.433690971973e+03  1.495056352413e+03  2.128013200927e+04  2.571644003776e+05  2.192856273607e+03  4.209537920425e+03  1.800000000000e+05  2.700000000000e+05  6.200000000000e+04  1.490000000000e+05
 2.400000000000e+01  1.299365110180e+05  6.023065723887e+03  5.238771596333e+04  1.292488231616e+05  5.352583224887e+04  7.295773893537e+03  1.324500055729e+03  1.944846234929e+04  2.587026857223e+05  2.144699485327e+03  3.878366238560e+03  1.800000000000e+05  2.700000000000e+05  6.200000000000e+04  1.490000000000e+05
 2.480000000000e+01  1.299365307141e+05  5.670824914345e+03  5.054430339318e+04  1.300179325732e+05  5.361290000829e+04  7.156948994652e+03  1.176729073053e+03  1.777929126180e+04  2.600106758548e+05  2.098142959780e+03  3.572681954566e+03  1.800000000000e+05  2.700000000000e+05  6.200000000000e+04  1.490000000000e+05
 2.560000000000e+01  1.299365428092e+05  5.344388585782e+03  4.886550297248e+04  1.306948476377e+05  5.369082377737e+04  7.018096242150e+03  1.049253605304e+03  1.626721401884e+04  2.611199363193e+05  2.053198264319e+03  3.291190321463e+03  1.800000000000e+05  2.700000000000e+05  6.200000000000e+04  1.490000000000e+05
 2.640000000000e+01  1.299365502370e+05  5.042448889444e+03  4.734352559911e+04  1.312917322620e+05  5.376082756907e+04  6.879948297292e+03  9.396972549011e+02  1.490486317176e+04  2.620585438216e+05  2.009859581227e+03  3.032589308217e+03  1.800000000000e+05  2.700000000000e+05  6.200000000000e+04  1.490000000000e+05
 2.720000000000e+01  1.299365547984e+05  4.763683888851e+03  4.596917208173e+04  1.318192750848e+05  5.382396330747e+04  6.743109619866e+03  8.458428523484e+02  1.368346612755e+04  2.628512368391e+05  1.968107781540e+03  2.795576107310e+03  1.800000000000e+05  2.700000000000e+05  6.200000000000e+04  1.490000000000e+05
 2.800000000000e+01  1.299365575997e+05  4.506767862985e+03  4.473234709661e+04  1.322868165879e+05  5.388113627247e+04  6.608073770354e+03  7.656591380297e+02  1.259333929916e+04  2.635196333101e+05  1.927913698286e+03  2.578854164699e+03  1.800000000000e+05  2.700000000000e+05  6.200000000000e+04  1.490000000000e+05
 2.880000000000e+01  1.299365593199e+05  4.270381303330e+03  4.362249230549e+04  1.327024810391e+05  5.393312594262e+04  6.475238907241e+03  6.973124786465e+02  1.162430999984e+04  2.640824894384e+05  1.889240751570e+03  2.381140551760e+03  1.800000000000e+05  2.700000000000e+05  6.200000000000e+04  1.490000000000e+05
 2.960000000000e+01  1.299365603763e+05  4.053220468374e+03  4.262893883949e+04  1.330733070018e+05  5.398060341546e+04  6.344921542158e+03  6.391675665582e+02  1.076606365832e+04  2.645559781272e+05  1.852047051293e+03  2.201173417081e+03  1.800000000000e+05  2.700000000000e+05  6.200000000000e+04  1.490000000000e+05
 3.040000000000e+01  1.299365610250e+05  3.854006303426e+03  4.174118355853e+04  1.334053722416e+05  5.402414618377e+04  6.217368653151e+03  5.897804536280e+02  1.000841874141e+04  2.649539707791e+05  1.816287074596e+03  2.037719228830e+03  1.800000000000e+05  2.700000000000e+05  6.200000000000e+04  1.490000000000e+05
 3.120000000000e+01  1.299365614234e+05  3.671492537165e+03  4.094909643359e+04  1.337039104263e+05  5.406425081136e+04  6.092768280934e+03  5.478866404686e+02  9.341535218257e+03  2.652883107904e+05  1.781912996510e+03  1.889579540655e+03  1.800000000000e+05  2.700000000000e+05  6.200000000000e+04  1.490000000000e+05
 3.200000000000e+01  1.299365616681e+05  3.504472800923e+03  4.024306797824e+04  1.339734181800e+05  5.410134389206e+04  5.971258744311e+03  5.123863264198e+02  8.756064420694e+03  2.655690709693e+05  1.748875737641e+03  1.755597063282e+03  1.800000000000e+05  2.700000000000e+05  6.200000000000e+04  1.490000000000e+05
 3.280000000000e+01  1.299365618183e+05  3.351786662934e+03  3.961410620214e+04  1.342177518841e+05  5.413579157260e+04  5.852936612808e+03  4.823283763172e+02  8.243249044649e+03  2.658047902122e+05  1.717125781042e+03  1.634660881892e+03  1.800000000000e+05  2.700000000000e+05  6.200000000000e+04  1.490000000000e+05
 3.360000000000e+01  1.299365619106e+05  3.212324523955e+03  3.905389246097e+04  1.344402142120e+05  5.416790785090e+04  5.737863573503e+03  4.568940988239e+02  7.794982203318e+03  2.660026871743e+05  1.686613801556e+03  1.525710722399e+03  1.800000000000e+05  2.700000000000e+05  6.200000000000e+04  1.490000000000e+05
 3.440000000000e+01  1.299365619673e+05  3.085031368771e+03  3.855480484813e+04  1.346436307649e+05  5.419796181499e+04  5.626072321043e+03  4.353815655520e+02  7.403833900410e+03  2.661688503734e+05  1.657291143189e+03  1.427740225582e+03  1.800000000000e+05  2.700000000000e+05  6.200000000000e+04  1.490000000000e+05
 3.520000000000e+01  1.299365620020e+05  2.968909410080e+03  3.810991681595e+04  1.348304174133e+05  5.422618395571e+04  5.517571590797e+03  4.171909223064e+02  7.063052463657e+03  2.663084053363e+05  1.629110173867e+03  1.339799236213e+03  1.800000000000e+05  2.700000000000e+05  6.200000000000e+04  1.490000000000e+05
 3.600000000000e+01  1.299365620234e+05  2.863019695076e+03  3.771297763014e+04  1.350026390916e+05  5.425277166529e+04  5.412350445205e+03  4.018109402852e+02  6.766547478734e+03  2.664256601569e+05  1.602024541899e+03  1.260995153177e+03  1.800000000000e+05  2.700000000000e+05  6.200000000000e+04  1.490000000000e+05
 3.680000000000e+01  1.299365620365e+05  2.766482769234e+03  3.735838014215e+04  1.351620608510e+05  5.427789401739e+04  5.310381912593e+03  3.888069105391e+02  6.508859696816e+03  2.665242312654e+05  1.575989354129e+03  1.190493415106e+03  1.800000000000e+05  2.700000000000e+05  6.200000000000e+04  1.490000000000e+05
 3.760000000000e+01  1.299365620446e+05  2.678478505798e+03  3.704112030376e+04  1.353101919768e+05  5.430169591206e+04  5.211626066267e+03  3.778098919620e+02  6.285122357065e+03  2.666071513752e+05  1.550961292104e+03  1.127517213694e+03  1.800000000000e+05  2.700000000000e+05  6.200000000000e+04  1.490000000000e+05
 3.840000000000e+01  1.299365620495e+05  2.598245220033e+03  3.675675191965e+04  1.354483239721e+05  5.432430166075e+04  5.116032623268e+03  3.685072553253e+02  6.091017453433e+03  2.666769616737e+05  1.526898679802e+03  1.071346540230e+03  1.800000000000e+05  2.700000000000e+05  6.200000000000e+04  1.490000000000e+05
 3.920000000000e+01  1.299365620526e+05  2.525078184764e+03  3.650133929151e+04  1.355775631339e+05  5.434581807685e+04  5.023543130243e+03  3.606344393521e+02  5.922729635545e+03  2.667357901697e+05  1.503761513681e+03  1.021316671083e+03  1.800000000000e+05  2.700000000000e+05  6.200000000000e+04  1.490000000000e+05
 4.000000000000e+01  1.299365620545e+05  2.458327664103e+03  3.627140973996e+04  1.356988584197e+05  5.436633713256e+04  4.934092797459e+03  3.539678066953e+02  5.776899769528e+03  2.667854180662e+05  1.481511464027e+03  9.768162000762e+02  1.800000000000e+05  2.700000000000e+05  6.200000000000e+04  1.490000000000e+05
