0,0,0,0,0,0,0,0,0,0,0,0,1.8e+05,2.7e+05,62000,1.49e+05
0.8,29422,44.542,4499.4,34.415,20.959,59.56,1003.5,548.81,573.36,25.435,19.108,1.8e+05,2.7e+05,62000,1.49e+05
1.6,72393,696.05,19916,925.95,576.62,515.08,4386.2,5977.5,6630.6,221.88,474.17,1.8e+05,2.7e+05,62000,1.49e+05
2.4,97735,2616.5,37485,4334,2742.6,1346.9,6933.5,16187,19273,583.14,2033.3,1.8e+05,2.7e+05,62000,1.49e+05
3.2,1.1147e+05,5578.6,53239,10677,6811.2,2335.9,8258.2,27439,35284,1010.6,4568,1.8e+05,2.7e+05,62000,1.49e+05
4,1.191e+05,8877.3,66231,19154,12230,3333,8882.1,37557,52339,1432.9,7444.4,1.8e+05,2.7e+05,62000,1.49e+05
4.8,1.2347e+05,11898,76463,28682,18219,4260.3,9151,45804,69309,1811.6,10087,1.8e+05,2.7e+05,62000,1.49e+05
5.6,1.2604e+05,14300,84224,38391,24136,5083.8,9229,52106,85713,2130.4,12170,1.8e+05,2.7e+05,62000,1.49e+05
6.4,1.2757e+05,15973,89866,47732,29567,5793.8,9186.6,56638,1.0136e+05,2385.6,13587,1.8e+05,2.7e+05,62000,1.49e+05
7.2,1.2849e+05,16954,93723,56417,34292,6393.4,9052.5,59645,1.162e+05,2580.8,14374,1.8e+05,2.7e+05,62000,1.49e+05
8,1.2905e+05,17356,96093,64341,38237,6891.8,8839.1,61371,1.3021e+05,2722.4,14633,1.8e+05,2.7e+05,62000,1.49e+05
8.8,1.294e+05,17312,97228,71510,41425,7300.1,8554.1,62035,1.434e+05,2818.3,14493,1.8e+05,2.7e+05,62000,1.49e+05
9.6,1.296e+05,16952,97347,77987,43940,7629.4,8205,61830,1.5578e+05,2876.3,14076,1.8e+05,2.7e+05,62000,1.49e+05
10.4,1.2973e+05,16387,96634,83857,45895,7889.9,7800.9,60919,1.6733e+05,2904,13483,1.8e+05,2.7e+05,62000,1.49e+05
11.2,1.2981e+05,15699,95249,89200,47403,8090.2,7352.7,59440,1.7809e+05,2907.8,12791,1.8e+05,2.7e+05,62000,1.49e+05
12,1.2986e+05,14949,93327,94078,48570,8237.8,6872.1,57513,1.8803e+05,2893.2,12055,1.8e+05,2.7e+05,62000,1.49e+05
12.8,1.2989e+05,14175,90987,98536,49480,8339.1,6371.3,55238,1.9719e+05,2864.9,11310,1.8e+05,2.7e+05,62000,1.49e+05
13.6,1.2991e+05,13402,88331,1.026e+05,50200,8399.9,5862.2,52702,2.0556e+05,2826.6,10575,1.8e+05,2.7e+05,62000,1.49e+05
14.4,1.2992e+05,12646,85446,1.063e+05,50779,8425.1,5355.5,49979,2.1318e+05,2781.3,9864.5,1.8e+05,2.7e+05,62000,1.49e+05
15.2,1.2993e+05,11915,82411,1.0965e+05,51252,8419.6,4860.5,47136,2.2005e+05,2731.2,9183.8,1.8e+05,2.7e+05,62000,1.49e+05
16,1.2993e+05,11214,79292,1.1267e+05,51645,8387.4,4385,44229,2.2623e+05,2678,8536.3,1.8e+05,2.7e+05,62000,1.49e+05
16.8,1.2993e+05,10546,76146,1.1537e+05,51976,8332.6,3935,41307,2.3173e+05,2622.9,7923.5,1.8e+05,2.7e+05,62000,1.49e+05
17.6,1.2993e+05,9912.4,73024,1.1778e+05,52258,8258.7,3514.8,38413,2.3661e+05,2567,7345.4,1.8e+05,2.7e+05,62000,1.49e+05
18.4,1.2994e+05,9312.7,69965,1.1992e+05,52501,8168.8,3127.2,35584,2.4091e+05,2510.9,6801.7,1.8e+05,2.7e+05,62000,1.49e+05
19.2,1.2994e+05,8747,67005,1.2181e+05,52711,8065.8,2773.6,32851,2.4468e+05,2455.3,6291.7,1.8e+05,2.7e+05,62000,1.49e+05
20,1.2994e+05,8214.7,64169,1.2348e+05,52894,7952.3,2454.2,30237,2.4796e+05,2400.3,5814.4,1.8e+05,2.7e+05,62000,1.49e+05
20.8,1.2994e+05,7715.1,61479,1.2495e+05,53054,7830.5,2168.4,27762,2.508e+05,2346.4,5368.7,1.8e+05,2.7e+05,62000,1.49e+05
21.6,1.2994e+05,7247.3,58950,1.2624e+05,53194,7702.4,1914.6,25439,2.5325e+05,2293.8,4953.5,1.8e+05,2.7e+05,62000,1.49e+05
22.4,1.2994e+05,6810.1,56589,1.2738e+05,53318,7569.7,1690.9,23277,2.5536e+05,2242.6,4567.5,1.8e+05,2.7e+05,62000,1.49e+05
23.2,1.2994e+05,6402.4,54402,1.2837e+05,53428,7433.7,1495.1,21280,2.5716e+05,2192.9,4209.5,1.8e+05,2.7e+05,62000,1.49e+05
24,1.2994e+05,6023.1,52388,1.2925e+05,53526,7295.8,1324.5,19448,2.587e+05,2144.7,3878.4,1.8e+05,2.7e+05,62000,1.49e+05
24.8,1.2994e+05,5670.8,50544,1.3002e+05,53613,7156.9,1176.7,17779,2.6001e+05,2098.1,3572.7,1.8e+05,2.7e+05,62000,1.49e+05
25.6,1.2994e+05,5344.4,48866,1.3069e+05,53691,7018.1,1049.3,16267,2.6112e+05,2053.2,3291.2,1.8e+05,2.7e+05,62000,1.49e+05
26.4,1.2994e+05,5042.4,47344,1.3129e+05,53761,6879.9,939.7,14905,2.6206e+05,2009.9,3032.6,1.8e+05,2.7e+05,62000,1.49e+05
27.2,1.2994e+05,4763.7,45969,1.3182e+05,53824,6743.1,845.84,13683,2.6285e+05,1968.1,2795.6,1.8e+05,2.7e+05,62000,1.49e+05
28,1.2994e+05,4506.8,44732,1.3229e+05,53881,6608.1,765.66,12593,2.6352e+05,1927.9,2578.9,1.8e+05,2.7e+05,62000,1.49e+05
28.8,1.2994e+05,4270.4,43622,1.327e+05,53933,6475.2,697.31,11624,2.6408e+05,1889.2,2381.1,1.8e+05,2.7e+05,62000,1.49e+05
29.6,1.2994e+05,4053.2,42629,1.3307e+05,53981,6344.9,639.17,10766,2.6456e+05,1852,2201.2,1.8e+05,2.7e+05,62000,1.49e+05
30.4,1.2994e+05,3854,41741,1.3341e+05,54024,6217.4,589.78,10008,2.6495e+05,1816.3,2037.7,1.8e+05,2.7e+05,62000,1.49e+05
31.2,1.2994e+05,3671.5,40949,1.337e+05,54064,6092.8,547.89,9341.5,2.6529e+05,1781.9,1889.6,1.8e+05,2.7e+05,62000,1.49e+05
32,1.2994e+05,3504.5,40243,1.3397e+05,54101,5971.3,512.39,8756.1,2.6557e+05,1748.9,1755.6,1.8e+05,2.7e+05,62000,1.49e+05
32.8,1.2994e+05,3351.8,39614,1.3422e+05,54136,5852.9,482.33,8243.2,2.658e+05,1717.1,1634.7,1.8e+05,2.7e+05,62000,1.49e+05
33.6,1.2994e+05,3212.3,39054,1.3444e+05,54168,5737.9,456.89,7795,2.66e+05,1686.6,1525.7,1.8e+05,2.7e+05,62000,1.49e+05
34.4,1.2994e+05,3085,38555,1.3464e+05,54198,5626.1,435.38,7403.8,2.6617e+05,1657.3,1427.7,1.8e+05,2.7e+05,62000,1.49e+05
35.2,1.2994e+05,2968.9,38110,1.3483e+05,54226,5517.6,417.19,7063.1,2.6631e+05,1629.1,1339.8,1.8e+05,2.7e+05,62000,1.49e+05
36,1.2994e+05,2863,37713,1.35e+05,54253,5412.4,401.81,6766.5,2.6643e+05,1602,1261,1.8e+05,2.7e+05,62000,1.49e+05
36.8,1.2994e+05,2766.5,37358,1.3516e+05,54278,5310.4,388.81,6508.9,2.6652e+05,1576,1190.5,1.8e+05,2.7e+05,62000,1.49e+05
37.6,1.2994e+05,2678.5,37041,1.3531e+05,54302,5211.6,377.81,6285.1,2.6661e+05,1551,1127.5,1.8e+05,2.7e+05,62000,1.49e+05
38.4,1.2994e+05,2598.2,36757,1.3545e+05,54324,5116,368.51,6091,2.6668e+05,1526.9,1071.3,1.8e+05,2.7e+05,62000,1.49e+05
39.2,1.2994e+05,2525.1,36501,1.3558e+05,54346,5023.5,360.63,5922.7,2.6674e+05,1503.8,1021.3,1.8e+05,2.7e+05,62000,1.49e+05
40,1.2994e+05,2458.3,36271,1.357e+05,54366,4934.1,353.97,5776.9,2.6679e+05,1481.5,976.82,1.8e+05,2.7e+05,62000,1.49e+05
